NA 236099
10 282
7 269
14 269
1 260
11 257
9 250
12 242
3 241
5 240
2 238
15 236
13 235
18 234
21 233
17 230
4 227
8 220
32 215
31 212
30 207
35 207
23 204
20 201
16 200
24 200
19 199
38 198
39 198
34 196
37 195
41 194
6 190
29 188
28 183
33 181
22 174
27 174
25 169
26 169
42 166
40 159
43 157
47 154
46 151
44 147
50 146
54 139
49 132
48 131
57 128
36 126
60 120
51 119
45 118
52 118
53 117
58 111
66 110
59 109
55 107
64 107
69 106
70 104
74 104
65 102
71 102
62 97
77 97
63 96
82 94
72 90
78 90
61 89
76 89
73 88
79 86
75 85
56 84
68 81
67 74
81 69
80 66
86 66
87 63
84 53
85 53
90 45
83 44
93 42
91 39
95 34
92 33
100 31
103 30
104 30
97 27
99 27
105 26
94 25
101 25
88 22
89 22
109 18
117 17
116 16
120 16
96 15
98 15
107 15
123 15
111 13
118 13
121 13
122 13
127 13
128 13
114 12
132 12
106 11
108 11
110 11
113 11
115 11
124 11
125 11
130 11
126 10
129 10
102 9
119 9
